[milkyway2.jpg]
moddate=000047c0b6d9ec26
width=3265
height=4898
text=1;138;12;ShivuGururaj;Alex Brush;0.029211,0.939869,0.030438,6.283185;v1,4294967295,4294967295,128.000000,1.000000,0.121495,0.824219,400,2,49152;;
textactive=1
