[milkyway2.jpg]
moddate=000047c0b6d9ec26
width=3265
height=4898
text=1;138;12;ShivuGururaj;Alex Brush;0.029211,0.939869,0.030438,6.283185;v1,4294967295,4294967295,128.000000,1.000000,0.121495,0.824219,400,2,49152;;
textactive=1
[Screen Shot 2019-09-29 at 7.43.36 PM.png]
filters=crop64=1,25e102b4d422f327;finetune2=1,0.286550,0.000000,0.053333,00000000,0.146199;finetune2=1,0.000000,0.000000,0.120702,ff889394,0.000000;
crop=rect64(25e102b4d422f327)
moddate=0000ff00b7d99266
width=2352
height=1136
text=1;139;13;Shivu Gururaj;Alex Brush;0.256440,0.855000,0.046200,0.000000;v1,4294967295,4294967295,128.000000,1.000000,0.000000,0.683594,400,0,49152;;
textactive=1
